image_width: 1920
image_height: 1200
camera_name: camera
camera_matrix:
  rows: 3
  cols: 3
  data: [1181.573563112108, 0, 962.8596557095708, 0, 1178.448192982942, 554.6260009472044, 0, 0, 1]
distortion_model: plumb_bob
distortion_coefficients:
  rows: 1
  cols: 5
  data: [-0.2266487464218745, 0.07007612155509939, -0.0004321171352017301, -8.831218295318917e-06, 0]
rectification_matrix:
  rows: 3
  cols: 3
  data: [1, 0, 0, 0, 1, 0, 0, 0, 1]
projection_matrix:
  rows: 3
  cols: 4
  data: [1006.163330078125, 0, 963.5896814634907, 0, 0, 1105.580444335938, 548.2067714795267, 0, 0, 0, 1, 0]